04.02.2020	15:10
Voltage (V),Current (mA)
-5,963	-7,320
-5,954	-7,283
-5,944	-7,251
-5,934	-7,221
-5,924	-7,192
-5,915	-7,164
-5,905	-7,135
-5,895	-7,108
-5,885	-7,081
-5,874	-7,053
-5,864	-7,026
-5,855	-6,999
-5,845	-6,972
-5,835	-6,947
-5,825	-6,920
-5,815	-6,894
-5,806	-6,868
-5,795	-6,840
-5,785	-6,814
-5,775	-6,788
-5,765	-6,762
-5,755	-6,735
-5,746	-6,711
-5,735	-6,684
-5,726	-6,659
-5,716	-6,633
-5,706	-6,607
-5,696	-6,581
-5,685	-6,555
-5,676	-6,531
-5,666	-6,505
-5,657	-6,480
-5,647	-6,455
-5,636	-6,430
-5,636	-6,429
-5,616	-6,379
-5,606	-6,353
-5,597	-6,329
-5,586	-6,303
-5,576	-6,277
-5,566	-6,252
-5,556	-6,227
-5,556	-6,226
-5,546	-6,201
-5,526	-6,151
-5,517	-6,128
-5,507	-6,103
-5,497	-6,077
-5,486	-6,054
-5,487	-6,053
-5,477	-6,029
-5,466	-6,003
-5,457	-5,978
-5,436	-5,928
-5,426	-5,904
-5,416	-5,879
-5,406	-5,855
-5,406	-5,855
-5,396	-5,830
-5,386	-5,805
-5,376	-5,780
-5,357	-5,734
-5,347	-5,709
-5,337	-5,685
-5,336	-5,685
-5,326	-5,661
-5,316	-5,636
-5,306	-5,611
-5,296	-5,587
-5,286	-5,563
-5,266	-5,515
-5,266	-5,514
-5,256	-5,490
-5,245	-5,466
-5,235	-5,441
-5,225	-5,418
-5,215	-5,394
-5,205	-5,370
-5,196	-5,348
-5,186	-5,325
-5,176	-5,301
-5,166	-5,277
-5,155	-5,254
-5,145	-5,230
-5,135	-5,207
-5,125	-5,183
-5,125	-5,183
-5,105	-5,135
-5,095	-5,112
-5,085	-5,089
-5,075	-5,066
-5,065	-5,042
-5,055	-5,019
-5,055	-5,019
-5,045	-4,996
-5,035	-4,974
-5,015	-4,926
-5,004	-4,903
-4,994	-4,880
-4,984	-4,856
-4,984	-4,856
-4,974	-4,832
-4,963	-4,809
-4,953	-4,787
-4,943	-4,765
-4,933	-4,740
-4,923	-4,718
-4,912	-4,695
-4,902	-4,671
-4,892	-4,648
-4,881	-4,626
-4,872	-4,604
-4,862	-4,581
-4,851	-4,557
-4,841	-4,535
-4,831	-4,511
-4,831	-4,512
-4,810	-4,466
-4,800	-4,444
-4,800	-4,445
-4,779	-4,398
-4,774	-4,387
-4,763	-4,363
-4,758	-4,352
-4,742	-4,316
-4,731	-4,293
-4,726	-4,280
-4,710	-4,245
-4,704	-4,234
-4,693	-4,210
-4,688	-4,199
-4,672	-4,164
-4,661	-4,143
-4,656	-4,131
-4,640	-4,096
-4,634	-4,085
-4,624	-4,063
-4,618	-4,051
-4,602	-4,016
-4,592	-3,994
-4,586	-3,983
-4,571	-3,949
-4,565	-3,938
-4,555	-3,916
-4,544	-3,892
-4,533	-3,870
-4,522	-3,847
-4,517	-3,836
-4,501	-3,804
-4,496	-3,794
-4,485	-3,771
-4,475	-3,749
-4,464	-3,728
-4,453	-3,704
-4,448	-3,694
-4,432	-3,662
-4,427	-3,650
-4,417	-3,629
-4,406	-3,607
-4,395	-3,584
-4,384	-3,563
-4,379	-3,552
-4,363	-3,520
-4,357	-3,510
-4,347	-3,488
-4,336	-3,468
-4,326	-3,446
-4,320	-3,435
-4,310	-3,413
-4,299	-3,391
-4,288	-3,370
-4,277	-3,348
-4,267	-3,327
-4,256	-3,306
-4,251	-3,296
-4,235	-3,265
-4,229	-3,254
-4,219	-3,232
-4,208	-3,212
-4,197	-3,190
-4,186	-3,170
-4,181	-3,158
-4,165	-3,128
-4,159	-3,117
-4,149	-3,098
-4,143	-3,087
-4,127	-3,055
-4,116	-3,034
-4,111	-3,024
-4,095	-2,993
-4,089	-2,982
-4,078	-2,963
-4,073	-2,952
-4,057	-2,922
-4,052	-2,911
-4,041	-2,891
-4,030	-2,872
-4,019	-2,852
-4,008	-2,831
-4,003	-2,822
-3,987	-2,792
-3,982	-2,783
-3,971	-2,762
-3,955	-2,732
-3,949	-2,722
-3,938	-2,703
-3,928	-2,683
-3,917	-2,663
-3,911	-2,652
-3,901	-2,635
-3,890	-2,615
-3,880	-2,596
-3,869	-2,577
-3,859	-2,558
-3,848	-2,539
-3,843	-2,529
-3,832	-2,511
-3,822	-2,492
-3,811	-2,473
-3,805	-2,464
-3,789	-2,435
-3,778	-2,415
-3,773	-2,406
-3,762	-2,387
-3,751	-2,368
-3,740	-2,349
-3,735	-2,341
-3,719	-2,312
-3,714	-2,303
-3,703	-2,284
-3,692	-2,266
-3,681	-2,247
-3,671	-2,231
-3,666	-2,222
-3,649	-2,195
-3,644	-2,186
-3,633	-2,167
-3,622	-2,149
-3,611	-2,131
-3,606	-2,122
-3,594	-2,103
-3,584	-2,085
-3,572	-2,067
-3,567	-2,057
-3,551	-2,031
-3,545	-2,022
-3,534	-2,003
-3,529	-1,995
-3,512	-1,968
-3,507	-1,959
-3,496	-1,941
-3,479	-1,915
-3,474	-1,907
-3,463	-1,889
-3,457	-1,881
-3,441	-1,855
-3,435	-1,847
-3,425	-1,829
-3,414	-1,812
-3,403	-1,795
-3,397	-1,787
-3,382	-1,761
-3,376	-1,753
-3,365	-1,737
-3,359	-1,728
-3,343	-1,703
-3,332	-1,686
-3,327	-1,677
-3,310	-1,653
-3,304	-1,644
-3,294	-1,629
-3,288	-1,620
-3,272	-1,595
-3,267	-1,589
-3,255	-1,572
-3,245	-1,556
-3,233	-1,540
-3,228	-1,532
-3,217	-1,516
-3,206	-1,500
-3,195	-1,484
-3,190	-1,476
-3,173	-1,453
-3,168	-1,445
-3,157	-1,429
-3,146	-1,413
-3,134	-1,397
-3,124	-1,383
-3,118	-1,375
-3,102	-1,352
-3,096	-1,345
-3,086	-1,330
-3,020	-1,241
-3,009	-1,227
-3,058	-1,292
-3,047	-1,278
-2,982	-1,190
-2,971	-1,176
-2,960	-1,162
-2,955	-1,154
-2,944	-1,140
-2,933	-1,126
-2,922	-1,112
-2,916	-1,105
-2,905	-1,091
-2,894	-1,077
-2,889	-1,070
-2,878	-1,056
-2,866	-1,041
-2,856	-1,030
-2,850	-1,022
-2,839	-1,008
-2,828	-0,995
-2,823	-0,989
-2,811	-0,974
-2,800	-0,961
-2,789	-0,949
-2,784	-0,942
-2,773	-0,930
-2,762	-0,916
-2,756	-0,910
-2,745	-0,896
-2,734	-0,883
-2,728	-0,877
-2,717	-0,865
-2,706	-0,852
-2,695	-0,839
-2,689	-0,832
-2,679	-0,821
-2,668	-0,809
-2,662	-0,802
-2,651	-0,790
-2,640	-0,777
-2,629	-0,766
-2,623	-0,760
-2,612	-0,748
-2,601	-0,735
-2,596	-0,730
-2,585	-0,718
-2,574	-0,706
-2,562	-0,694
-2,557	-0,689
-2,546	-0,677
-2,535	-0,665
-2,529	-0,660
-2,518	-0,648
-2,507	-0,637
-2,496	-0,627
-2,490	-0,621
-2,479	-0,610
-2,468	-0,600
-2,462	-0,594
-2,451	-0,583
-2,440	-0,572
-2,435	-0,567
-2,423	-0,557
-2,412	-0,546
-2,401	-0,535
-2,395	-0,529
-2,384	-0,518
-2,372	-0,509
-2,366	-0,503
-2,355	-0,492
-2,344	-0,482
-2,332	-0,472
-2,327	-0,468
-2,316	-0,458
-2,304	-0,448
-2,299	-0,443
-2,288	-0,433
-2,277	-0,424
-2,265	-0,415
-2,260	-0,409
-2,248	-0,400
-2,237	-0,391
-2,232	-0,388
-2,220	-0,378
-2,209	-0,370
-2,198	-0,360
-2,192	-0,356
-2,180	-0,347
-2,169	-0,338
-2,163	-0,334
-2,152	-0,325
-2,141	-0,317
-2,135	-0,313
-2,124	-0,306
-2,112	-0,297
-2,101	-0,290
-2,095	-0,285
-2,084	-0,277
-2,073	-0,270
-2,067	-0,266
-2,056	-0,258
-2,044	-0,250
-2,033	-0,243
-2,027	-0,240
-2,016	-0,232
-2,005	-0,226
-1,999	-0,222
-1,988	-0,216
-1,976	-0,209
-1,965	-0,203
-1,960	-0,199
-1,949	-0,193
-1,937	-0,186
-1,931	-0,183
-1,920	-0,176
-1,909	-0,170
-1,903	-0,167
-1,891	-0,161
-1,880	-0,154
-1,869	-0,149
-1,863	-0,146
-1,852	-0,141
-1,840	-0,134
-1,834	-0,133
-1,823	-0,126
-1,811	-0,121
-1,800	-0,116
-1,794	-0,113
-1,783	-0,108
-1,772	-0,104
-1,766	-0,101
-1,755	-0,096
-1,743	-0,092
-1,732	-0,087
-1,726	-0,084
-1,715	-0,081
-1,703	-0,077
-1,698	-0,075
-1,687	-0,071
-1,675	-0,066
-1,663	-0,063
-1,658	-0,061
-1,646	-0,057
-1,634	-0,054
-1,628	-0,052
-1,617	-0,049
-1,605	-0,045
-1,600	-0,044
-1,588	-0,041
-1,576	-0,038
-1,564	-0,035
-1,559	-0,033
-1,547	-0,030
-1,535	-0,029
-1,529	-0,028
-1,517	-0,026
-1,506	-0,023
-1,495	-0,022
-1,489	-0,020
-1,477	-0,018
-1,466	-0,017
-1,460	-0,016
-1,449	-0,014
-1,437	-0,013
-1,425	-0,012
-1,420	-0,011
-1,408	-0,010
-1,397	-0,010
-1,391	-0,010
-1,379	-0,008
-1,368	-0,007
-1,356	-0,007
-1,350	-0,007
-1,339	-0,006
-1,327	-0,005
-1,322	-0,006
-1,310	-0,006
-1,298	-0,005
-1,292	-0,005
-1,280	-0,005
-1,269	-0,005
-1,257	-0,005
-1,251	-0,005
-1,239	-0,005
-1,228	-0,005
-1,222	-0,005
-1,210	-0,004
-1,199	-0,005
-1,187	-0,005
-1,181	-0,005
-1,169	-0,005
-1,158	-0,004
-1,152	-0,005
-1,140	-0,004
-1,129	-0,004
-1,118	-0,005
-1,112	-0,005
-1,100	-0,005
-1,088	-0,004
-1,082	-0,005
-1,071	-0,005
-1,059	-0,004
-1,048	-0,004
-1,042	-0,005
-1,030	-0,004
-1,018	-0,005
-1,013	-0,005
-1,001	-0,005
-0,989	-0,005
-0,983	-0,005
-0,971	-0,005
-0,959	-0,004
-0,948	-0,005
-0,942	-0,005
-0,930	-0,004
-0,918	-0,005
-0,912	-0,005
-0,900	-0,005
-0,888	-0,005
-0,876	-0,005
-0,871	-0,005
-0,859	-0,005
-0,848	-0,004
-0,842	-0,005
-0,830	-0,005
-0,819	-0,004
-0,807	-0,005
-0,801	-0,005
-0,790	-0,005
-0,778	-0,005
-0,772	-0,005
-0,761	-0,005
-0,749	-0,004
-0,737	-0,004
-0,732	-0,005
-0,720	-0,004
-0,708	-0,005
-0,702	-0,005
-0,691	-0,004
-0,679	-0,005
-0,673	-0,004
-0,662	-0,005
-0,650	-0,004
-0,638	-0,005
-0,633	-0,005
-0,621	-0,004
-0,609	-0,005
-0,603	-0,005
-0,592	-0,004
-0,580	-0,004
-0,568	-0,004
-0,562	-0,004
-0,550	-0,004
-0,539	-0,005
-0,533	-0,004
-0,521	-0,004
-0,509	-0,004
-0,497	-0,005
-0,491	-0,004
-0,480	-0,005
-0,468	-0,004
-0,462	-0,005
-0,450	-0,004
-0,438	-0,004
-0,432	-0,005
-0,420	-0,005
-0,409	-0,005
-0,397	-0,005
-0,391	-0,004
-0,379	-0,004
-0,367	-0,004
-0,361	-0,005
-0,350	-0,004
-0,338	-0,005
-0,326	-0,004
-0,320	-0,005
-0,308	-0,005
-0,296	-0,004
-0,291	-0,005
-0,279	-0,005
-0,267	-0,005
-0,255	-0,004
-0,249	-0,005
-0,237	-0,004
-0,226	-0,005
-0,219	-0,004
-0,208	-0,005
-0,197	-0,004
-0,191	-0,004
-0,179	-0,005
-0,167	-0,005
-0,161	-0,004
-0,149	-0,005
-0,137	-0,005
-0,131	-0,004
-0,119	-0,004
-0,108	-0,005
-0,102	-0,005
-0,090	-0,004
-0,079	-0,005
-0,073	-0,004
-0,061	-0,005
-0,049	-0,004
-0,044	-0,004
-0,032	-0,004
-0,020	-0,004
-0,014	-0,005
-0,003	-0,005
0,014	-0,005
0,020	-0,004
0,032	-0,005
0,044	-0,005
0,050	-0,004
0,062	-0,004
0,073	-0,005
0,079	-0,004
0,091	-0,005
0,103	-0,005
0,109	-0,005
0,121	-0,005
0,132	-0,005
0,139	-0,005
0,151	-0,005
0,162	-0,005
0,168	-0,005
0,180	-0,004
0,186	-0,005
0,198	-0,005
0,210	-0,005
0,222	-0,004
0,228	-0,005
0,240	-0,005
0,251	-0,005
0,257	-0,004
0,269	-0,004
0,281	-0,004
0,293	-0,005
0,298	-0,005
0,311	-0,005
0,322	-0,005
0,329	-0,005
0,340	-0,005
0,352	-0,005
0,364	-0,004
0,371	-0,004
0,383	-0,004
0,394	-0,004
0,400	-0,004
0,412	-0,005
0,424	-0,004
0,436	-0,004
0,442	-0,004
0,454	-0,003
0,466	-0,003
0,472	-0,002
0,484	-0,001
0,495	0,001
0,501	0,002
0,513	0,006
0,525	0,012
0,536	0,020
0,542	0,026
0,553	0,039
0,564	0,059
0,569	0,071
0,579	0,097
0,589	0,132
0,599	0,175
0,603	0,200
0,613	0,254
0,621	0,315
0,638	0,459
0,645	0,543
0,652	0,628
0,659	0,720
0,669	0,870
0,684	1,144
0,690	1,261
0,701	1,501
0,706	1,629
0,716	1,892
0,730	2,305
0,738	2,597
0,750	3,063
0,758	3,384
0,766	3,790
0,778	4,377
0,785	4,806
0,796	5,505
0,804	6,044
0,815	6,948
0,825	7,787
0,833	8,546
0,843	9,612
0,853	10,782
0,863	12,063
0,873	13,368
0,882	14,792
0,894	16,645
0,903	18,381
0,912	20,138
0,922	22,009
0,932	24,313
0,942	26,430
0,951	28,660
0,961	31,308
0,971	33,746
0,982	36,717
0,991	39,264
