04.02.2020	14:57
Voltage (V),Current (mA)
-5,946	-9,005
-5,937	-8,967
-5,927	-8,935
-5,918	-8,905
-5,908	-8,874
-5,899	-8,843
-5,889	-8,812
-5,879	-8,782
-5,869	-8,752
-5,859	-8,722
-5,849	-8,691
-5,839	-8,661
-5,830	-8,631
-5,820	-8,603
-5,810	-8,572
-5,800	-8,541
-5,790	-8,513
-5,780	-8,483
-5,770	-8,453
-5,761	-8,424
-5,751	-8,396
-5,742	-8,365
-5,732	-8,336
-5,722	-8,307
-5,712	-8,277
-5,702	-8,249
-5,693	-8,219
-5,682	-8,190
-5,673	-8,159
-5,663	-8,132
-5,653	-8,102
-5,643	-8,072
-5,633	-8,043
-5,623	-8,013
-5,614	-7,985
-5,605	-7,959
-5,595	-7,930
-5,585	-7,901
-5,575	-7,872
-5,566	-7,842
-5,556	-7,814
-5,546	-7,785
-5,536	-7,755
-5,526	-7,727
-5,517	-7,697
-5,507	-7,668
-5,497	-7,639
-5,487	-7,611
-5,477	-7,582
-5,467	-7,554
-5,458	-7,524
-5,448	-7,498
-5,439	-7,470
-5,429	-7,441
-5,419	-7,411
-5,409	-7,383
-5,399	-7,353
-5,389	-7,326
-5,379	-7,298
-5,369	-7,269
-5,359	-7,241
-5,350	-7,211
-5,340	-7,184
-5,330	-7,155
-5,320	-7,126
-5,310	-7,097
-5,300	-7,069
-5,291	-7,043
-5,281	-7,015
-5,271	-6,986
-5,261	-6,959
-5,252	-6,931
-5,242	-6,903
-5,231	-6,873
-5,222	-6,846
-5,212	-6,817
-5,202	-6,789
-5,192	-6,760
-5,182	-6,732
-5,172	-6,705
-5,162	-6,677
-5,152	-6,649
-5,142	-6,620
-5,133	-6,595
-5,124	-6,568
-5,114	-6,540
-5,114	-6,540
-5,094	-6,483
-5,084	-6,456
-5,074	-6,429
-5,064	-6,400
-5,054	-6,374
-5,044	-6,346
-5,034	-6,319
-5,034	-6,319
-5,025	-6,291
-5,005	-6,237
-4,995	-6,209
-4,985	-6,181
-4,976	-6,156
-4,966	-6,129
-4,966	-6,128
-4,956	-6,101
-4,936	-6,047
-4,936	-6,047
-4,926	-6,019
-4,916	-5,991
-4,906	-5,964
-4,896	-5,936
-4,886	-5,909
-4,876	-5,881
-4,866	-5,854
-4,856	-5,827
-4,846	-5,800
-4,836	-5,772
-4,826	-5,745
-4,816	-5,721
-4,806	-5,692
-4,796	-5,665
-4,786	-5,638
-4,776	-5,609
-4,766	-5,583
-4,756	-5,556
-4,745	-5,529
-4,735	-5,502
-4,725	-5,474
-4,714	-5,446
-4,704	-5,420
-4,694	-5,392
-4,683	-5,364
-4,678	-5,350
-4,662	-5,309
-4,657	-5,295
-4,646	-5,266
-4,631	-5,225
-4,626	-5,211
-4,615	-5,184
-4,610	-5,170
-4,594	-5,129
-4,583	-5,101
-4,578	-5,087
-4,563	-5,045
-4,557	-5,032
-4,547	-5,005
-4,531	-4,965
-4,526	-4,951
-4,516	-4,925
-4,505	-4,898
-4,495	-4,871
-4,484	-4,844
-4,479	-4,831
-4,463	-4,790
-4,459	-4,778
-4,448	-4,752
-4,438	-4,725
-4,428	-4,699
-4,417	-4,671
-4,407	-4,645
-4,396	-4,619
-4,386	-4,593
-4,380	-4,579
-4,370	-4,553
-4,360	-4,527
-4,349	-4,500
-4,339	-4,474
-4,329	-4,449
-4,318	-4,424
-4,313	-4,409
-4,302	-4,384
-4,287	-4,345
-4,282	-4,331
-4,271	-4,306
-4,261	-4,280
-4,250	-4,253
-4,245	-4,240
-4,229	-4,202
-4,219	-4,176
-4,213	-4,162
-4,203	-4,139
-4,192	-4,113
-4,182	-4,087
-4,171	-4,063
-4,161	-4,036
-4,150	-4,010
-4,145	-3,997
-4,134	-3,973
-4,119	-3,935
-4,114	-3,921
-4,103	-3,896
-4,092	-3,871
-4,082	-3,844
-4,071	-3,821
-4,066	-3,808
-4,050	-3,771
-4,045	-3,757
-4,035	-3,735
-4,024	-3,708
-4,014	-3,683
-4,003	-3,659
-3,998	-3,646
-3,982	-3,610
-3,971	-3,585
-3,966	-3,572
-3,950	-3,535
-3,945	-3,523
-3,935	-3,501
-3,919	-3,464
-3,913	-3,451
-3,903	-3,427
-3,897	-3,414
-3,881	-3,378
-3,876	-3,365
-3,866	-3,343
-3,850	-3,307
-3,845	-3,296
-3,835	-3,273
-3,830	-3,261
-3,814	-3,226
-3,804	-3,201
-3,798	-3,190
-3,783	-3,156
-3,778	-3,144
-3,767	-3,120
-3,756	-3,098
-3,746	-3,074
-3,735	-3,050
-3,730	-3,038
-3,714	-3,003
-3,708	-2,991
-3,698	-2,969
-3,688	-2,946
-3,677	-2,922
-3,667	-2,900
-3,662	-2,888
-3,646	-2,857
-3,641	-2,844
-3,630	-2,822
-3,619	-2,800
-3,609	-2,777
-3,598	-2,754
-3,593	-2,742
-3,577	-2,708
-3,571	-2,697
-3,561	-2,675
-3,550	-2,652
-3,539	-2,629
-3,529	-2,607
-3,523	-2,596
-3,507	-2,561
-3,502	-2,551
-3,491	-2,528
-3,480	-2,506
-3,469	-2,483
-3,458	-2,461
-3,453	-2,450
-3,437	-2,419
-3,432	-2,407
-3,421	-2,386
-3,410	-2,365
-3,400	-2,343
-3,394	-2,332
-3,378	-2,300
-3,368	-2,278
-3,363	-2,269
-3,352	-2,248
-3,342	-2,227
-3,331	-2,207
-3,325	-2,196
-3,309	-2,165
-3,298	-2,144
-3,293	-2,133
-3,282	-2,112
-3,272	-2,092
-3,261	-2,071
-3,255	-2,061
-3,239	-2,030
-3,234	-2,019
-3,223	-2,000
-3,212	-1,979
-3,202	-1,959
-3,191	-1,940
-3,186	-1,929
-3,170	-1,900
-3,164	-1,889
-3,153	-1,869
-3,148	-1,860
-3,132	-1,830
-3,121	-1,810
-3,115	-1,800
-3,100	-1,771
-3,094	-1,761
-3,083	-1,743
-3,073	-1,723
-3,062	-1,704
-3,051	-1,685
-3,046	-1,675
-3,029	-1,646
-3,024	-1,637
-3,014	-1,619
-3,003	-1,601
-2,993	-1,583
-2,987	-1,574
-2,976	-1,555
-2,960	-1,529
-2,955	-1,519
-2,944	-1,501
-2,934	-1,483
-2,923	-1,464
-2,917	-1,456
-2,907	-1,437
-2,896	-1,420
-2,885	-1,402
-2,879	-1,393
-2,863	-1,366
-2,852	-1,349
-2,847	-1,341
-2,836	-1,322
-2,825	-1,305
-2,814	-1,287
-2,809	-1,279
-2,792	-1,254
-2,787	-1,245
-2,776	-1,228
-2,716	-1,136
-2,705	-1,120
-2,749	-1,188
-2,738	-1,170
-2,678	-1,079
-2,668	-1,064
-2,657	-1,047
-2,651	-1,039
-2,640	-1,025
-2,629	-1,008
-2,619	-0,993
-2,613	-0,985
-2,602	-0,970
-2,591	-0,954
-2,586	-0,948
-2,575	-0,932
-2,564	-0,917
-2,553	-0,902
-2,548	-0,894
-2,537	-0,880
-2,526	-0,865
-2,520	-0,858
-2,509	-0,843
-2,498	-0,829
-2,487	-0,814
-2,482	-0,807
-2,471	-0,793
-2,460	-0,779
-2,454	-0,772
-2,443	-0,757
-2,432	-0,744
-2,427	-0,737
-2,416	-0,723
-2,405	-0,709
-2,394	-0,695
-2,388	-0,688
-2,377	-0,674
-2,365	-0,662
-2,360	-0,654
-2,349	-0,641
-2,337	-0,628
-2,326	-0,616
-2,321	-0,610
-2,310	-0,597
-2,299	-0,584
-2,293	-0,578
-2,282	-0,566
-2,271	-0,553
-2,260	-0,541
-2,254	-0,535
-2,243	-0,522
-2,232	-0,511
-2,227	-0,505
-2,216	-0,493
-2,204	-0,481
-2,193	-0,470
-2,187	-0,464
-2,176	-0,453
-2,165	-0,441
-2,159	-0,436
-2,148	-0,424
-2,137	-0,414
-2,131	-0,408
-2,120	-0,398
-2,108	-0,387
-2,097	-0,376
-2,091	-0,372
-2,080	-0,361
-2,069	-0,351
-2,063	-0,346
-2,053	-0,337
-2,041	-0,327
-2,030	-0,317
-2,025	-0,313
-2,013	-0,304
-2,002	-0,295
-1,997	-0,290
-1,986	-0,281
-1,974	-0,272
-1,963	-0,264
-1,958	-0,259
-1,947	-0,251
-1,935	-0,243
-1,930	-0,239
-1,918	-0,230
-1,907	-0,223
-1,902	-0,219
-1,890	-0,211
-1,879	-0,204
-1,868	-0,197
-1,862	-0,194
-1,851	-0,186
-1,839	-0,178
-1,834	-0,174
-1,822	-0,167
-1,811	-0,160
-1,799	-0,154
-1,794	-0,150
-1,783	-0,145
-1,771	-0,138
-1,766	-0,135
-1,754	-0,129
-1,743	-0,122
-1,732	-0,117
-1,726	-0,114
-1,715	-0,109
-1,703	-0,103
-1,698	-0,101
-1,687	-0,095
-1,675	-0,091
-1,663	-0,086
-1,658	-0,083
-1,646	-0,078
-1,634	-0,074
-1,628	-0,072
-1,617	-0,068
-1,605	-0,064
-1,600	-0,061
-1,588	-0,058
-1,577	-0,054
-1,565	-0,050
-1,559	-0,048
-1,547	-0,045
-1,536	-0,042
-1,530	-0,041
-1,518	-0,037
-1,507	-0,035
-1,495	-0,032
-1,490	-0,031
-1,478	-0,028
-1,467	-0,027
-1,461	-0,026
-1,449	-0,023
-1,438	-0,022
-1,426	-0,019
-1,420	-0,019
-1,409	-0,018
-1,398	-0,016
-1,392	-0,015
-1,380	-0,014
-1,369	-0,013
-1,357	-0,012
-1,351	-0,011
-1,340	-0,011
-1,328	-0,010
-1,323	-0,009
-1,311	-0,008
-1,299	-0,008
-1,293	-0,008
-1,281	-0,008
-1,270	-0,007
-1,258	-0,006
-1,252	-0,007
-1,240	-0,006
-1,229	-0,006
-1,223	-0,006
-1,211	-0,006
-1,200	-0,005
-1,188	-0,005
-1,182	-0,005
-1,171	-0,005
-1,159	-0,005
-1,153	-0,004
-1,142	-0,005
-1,130	-0,005
-1,119	-0,005
-1,113	-0,005
-1,101	-0,005
-1,090	-0,004
-1,084	-0,005
-1,072	-0,005
-1,060	-0,005
-1,049	-0,005
-1,043	-0,005
-1,031	-0,005
-1,020	-0,005
-1,014	-0,005
-1,002	-0,005
-0,990	-0,005
-0,984	-0,005
-0,972	-0,004
-0,961	-0,005
-0,949	-0,005
-0,943	-0,005
-0,931	-0,005
-0,919	-0,004
-0,914	-0,004
-0,901	-0,005
-0,889	-0,005
-0,878	-0,005
-0,872	-0,005
-0,860	-0,004
-0,848	-0,004
-0,843	-0,005
-0,831	-0,004
-0,820	-0,004
-0,808	-0,004
-0,802	-0,004
-0,791	-0,004
-0,779	-0,004
-0,773	-0,005
-0,762	-0,005
-0,750	-0,004
-0,738	-0,005
-0,733	-0,005
-0,721	-0,005
-0,709	-0,005
-0,703	-0,005
-0,691	-0,004
-0,680	-0,005
-0,674	-0,005
-0,663	-0,005
-0,651	-0,005
-0,640	-0,005
-0,634	-0,004
-0,622	-0,005
-0,610	-0,005
-0,604	-0,005
-0,592	-0,005
-0,581	-0,004
-0,569	-0,005
-0,564	-0,004
-0,552	-0,004
-0,540	-0,004
-0,534	-0,004
-0,522	-0,004
-0,510	-0,004
-0,498	-0,004
-0,492	-0,005
-0,481	-0,005
-0,469	-0,005
-0,463	-0,005
-0,451	-0,005
-0,439	-0,004
-0,433	-0,005
-0,422	-0,005
-0,410	-0,004
-0,398	-0,004
-0,392	-0,005
-0,380	-0,005
-0,368	-0,005
-0,362	-0,005
-0,351	-0,005
-0,339	-0,004
-0,326	-0,005
-0,321	-0,005
-0,309	-0,005
-0,297	-0,005
-0,291	-0,005
-0,279	-0,005
-0,268	-0,004
-0,256	-0,004
-0,250	-0,005
-0,238	-0,005
-0,227	-0,005
-0,221	-0,004
-0,209	-0,005
-0,197	-0,005
-0,192	-0,005
-0,180	-0,005
-0,168	-0,005
-0,162	-0,005
-0,150	-0,005
-0,138	-0,005
-0,133	-0,004
-0,121	-0,004
-0,109	-0,004
-0,103	-0,005
-0,092	-0,004
-0,080	-0,005
-0,074	-0,005
-0,062	-0,005
-0,051	-0,005
-0,045	-0,005
-0,033	-0,005
-0,021	-0,005
-0,010	-0,005
-0,004	-0,004
0,014	-0,005
0,020	-0,005
0,032	-0,005
0,044	-0,005
0,050	-0,005
0,061	-0,005
0,073	-0,004
0,079	-0,005
0,091	-0,005
0,103	-0,005
0,108	-0,004
0,120	-0,005
0,132	-0,005
0,138	-0,005
0,150	-0,005
0,162	-0,005
0,168	-0,004
0,180	-0,005
0,192	-0,004
0,198	-0,004
0,209	-0,004
0,221	-0,005
0,227	-0,004
0,239	-0,005
0,251	-0,004
0,257	-0,005
0,269	-0,005
0,281	-0,005
0,293	-0,005
0,298	-0,005
0,310	-0,004
0,322	-0,004
0,328	-0,005
0,340	-0,004
0,352	-0,005
0,364	-0,005
0,370	-0,005
0,383	-0,005
0,394	-0,005
0,400	-0,005
0,412	-0,004
0,424	-0,005
0,436	-0,004
0,442	-0,004
0,454	-0,004
0,466	-0,004
0,472	-0,004
0,484	-0,003
0,495	-0,003
0,501	-0,003
0,513	-0,002
0,525	-0,001
0,537	0,002
0,543	0,004
0,554	0,008
0,566	0,015
0,572	0,019
0,582	0,031
0,593	0,050
0,604	0,075
0,609	0,090
0,619	0,129
0,628	0,178
0,633	0,204
0,641	0,269
0,649	0,342
0,664	0,515
0,673	0,666
0,680	0,778
0,693	1,078
0,701	1,274
0,708	1,475
0,721	1,904
0,727	2,126
0,736	2,505
0,747	3,000
0,755	3,422
0,767	4,110
0,774	4,549
0,786	5,353
0,797	6,175
0,805	6,814
0,815	7,752
0,826	8,799
0,833	9,581
0,844	10,743
0,853	11,911
0,863	13,203
0,874	14,610
0,884	16,039
0,893	17,542
0,902	18,865
0,911	20,501
0,921	22,241
0,933	24,412
0,941	25,981
0,951	27,953
0,961	29,961
0,971	32,046
0,981	34,236
0,990	36,430
1,001	38,736
